eval_loss = 0.004725588699955786
f1_score = 0.9601668192452446
precision = 0.9607205862396526
recall = 0.9596136902744832
